00033
00052
00114
00315
00465
00520
00546
00601
01026
01045
01100
01232
01251
01313
01463
02024
02043
02225
02306
02430
02456
02511
02662
03010
03161
03223
03242
03304
03636
03655
04135
04216
04340
04360
04421
04502
04634
04653
05001
05133
05152
05214
05546
05565
05620
06035
06116
06260
06322
06341
06402
06534
06553
10064
10265
10320
10346
10400
10532
10551
10613
11031
11050
11112
11263
11344
11525
11544
11606
12105
12230
12256
12311
12442
12461
12523
12604
13022
13103
13254
13435
13454
13516
13641
13660
14015
14140
14166
14221
14302
14433
14452
14514
15013
15164
15345
15365
15426
15500
15632
15651
16066
16121
16140
16202
16353
16615
20126
20145
20200
20332
20351
20412
20563
21043
21062
21124
21325
21405
21530
21556
21611
22036
22055
22110
22242
22261
22323
22403
23034
23053
23235
23316
23440
23466
23521
23602
24020
24101
24233
24252
24314
24646
24665
25145
25226
25300
25431
25450
25512
25644
25663
26001
26133
26152
26324
26565
26620
26646
30006
30131
30150
30212
30363
30544
30625
31004
31205
31330
31356
31410
31542
31561
31623
32041
32060
32122
32203
32354
32535
32554
32616
33115
33240
33266
33321
33401
33533
33552
33614
34032
34051
34113
34264
34445
34464
34526
34600
35025
35106
35231
35250
35312
35443
35462
35524
36013
36164
36305
36355
36436
36500
36632
36651
40011
40162
40224
40243
40424
40505
40630
40656
41136
41155
41210
41361
41422
41503
42002
42134
42153
42335
42415
42540
42566
42621
43046
43065
43120
43201
43333
43352
43413
44044
44063
44245
44326
44406
44531
44550
44612
45030
45056
45111
45243
45262
45324
45605
46236
46310
46431
46450
46512
46663
50023
50042
50104
50305
50436
50455
50510
50661
51016
51160
51222
51241
51303
51453
51635
51654
52014
52215
52366
52420
52501
52633
52652
53000
53132
53151
53213
53364
53545
53564
53626
54125
54206
54331
54350
54411
54543
54562
54624
55042
55061
55123
55204
55404
55536
55555
55610
56035
56116
56241
56260
56312
56462
56543
60102
60234
60236
60253
60255
60310
60460
60522
60541
60603
61021
61040
61434
61515
61666
62163
62165
62220
62246
62301
62432
62451
62513
63012
63344
63425
63506
63631
63650
64005
64130
64154
64156
64211
64362
64423
65003
65335
65343
65355
65416
65541
65560
65622
66040
66054
66066
66121
66615
